23.19218026211065
12.106112016941593
6.43112654604895
3.8222716969100565
2.5845051533830903
2.002223941428485
1.7286307418579698
1.6417226921414427
1.5684938566937905
1.5113004363803173
1.4911445910861028
1.477908770511041
1.480798088704924
1.4926624714199992
1.503702097073709
1.5022782437266697
1.5107571609057713
1.5264277783272393
1.5286773961057716
1.5296506772333511
1.5393214556587251
1.5491302785943784
1.5483714820178305
1.5569851725461739
1.5488272618130685
1.549702072663685
1.561765356173988
1.5724661744554953
1.5650401343356963
1.5704334191416256
1.565491022993289
1.5768649729544206
1.5791025466172406
1.5737713932952784
1.5695104748154054
1.5712106339549805
1.5777330184770693
1.5747418556987456
1.585015452286736
1.5745473041112201
1.5728277880142696
1.5723817554237676
1.569854968398054
1.5599062050387076
1.5736154380959886
1.5656088719124743
1.560420503630101
1.5741231771168664
1.565701810641284
1.566921406041593
1.5638735553642324
1.5675440673687384
1.5660545041555773
1.559627140031092
1.566650330886498
1.5543761958592512
1.5567307351757633
1.561249554673563
1.572548401979135
1.57025431293993
1.5743202590238676
1.5587153052304623
1.55325486142168
1.5617335364342042
1.5776878428986947
1.5742703805873897
1.5781470270618858
1.5662303226362027
1.5666339442559378
1.5689146146202149
1.5659656369001544
1.5652359791738237
1.5640921754488242
1.5666697647160814
1.5746499505378055
1.5706131416978
1.5584209236075262
1.5557024237204715
1.5541026293944578
1.5505145926256765
1.5596560881923398
1.5456226440358705
1.5436534805102038
1.5608883703370717
1.5507927738706155
1.5483415402928566
1.5457939069011788
1.5512393444518382
1.553747972923477
1.5533914843697865
1.5588989705277592
1.553427023883045
1.5490314142804211
1.5555309570099554
1.5590089844096957
1.5592709081005431
1.562605717222699
1.547910035631769
1.5535907511302665
1.5490955888058537
