0.18914421
0.2978024
0.3735964
0.44690406
0.51423645
0.5724254
0.6184633
0.6426652
0.6676091
0.68748
0.7009745
0.70903516
0.71517086
0.7172161
0.72240937
0.726961
0.7312319
0.73259544
0.7377085
0.7377687
0.73798925
0.7396535
0.7419795
0.7432427
0.74596965
0.74803495
0.7448067
0.74623036
0.7483157
0.74915785
0.7529676
0.74749357
0.7516643
0.75393003
0.7529275
0.75178456
0.74953884
0.7509424
0.74857634
0.7552735
0.7514638
0.75322825
0.752727
0.75583494
0.7529876
0.7589028
0.7595043
0.7551933
0.75882256
0.7576195
0.7560956
0.7552334
0.7606673
0.76048684
0.75850177
0.7592838
0.75790024
0.76012594
0.75713825
0.7609881
0.75767964
0.7602262
0.7614894
0.75922364
0.7587223
0.7598853
0.758983
0.76028633
0.75866216
0.75998557
0.76124877
0.7581208
0.7615095
0.7594642
0.75998557
0.76014596
0.75900304
0.7619105
0.76126885
0.76032645
0.75994545
0.7618303
0.7631537
0.76052696
0.7635748
0.76217115
0.76239175
0.7644971
0.7626724
0.76331407
0.76295316
0.76562
0.76509863
0.7617501
0.76050687
0.7637151
0.76028633
0.7651989
0.7634143
0.762492
